      0         1         2         3
0   0.0  0.000000  1.000000  0.000000
1   0.0  0.428212  0.000000  0.000000
2   0.0  0.000000  0.000000  0.290121
3   0.0  0.000000  0.000000  0.271873
4   0.0  0.000000  0.000000  0.270599
..  ...       ...       ...       ...
78  0.0  0.000000  0.186870  0.000000
79  0.0  0.000000  0.000000  0.207387
80  0.0  0.000000  0.190462  0.000000
81  0.0  0.000000  0.000000  0.196951
82  0.0  0.210050  0.000000  0.000000

[83 rows x 4 columns]
44,38,70,65
0.0,0.0,0.0,0.2145
0.2118,0.0,0.0,0.0
0.0,0.0,0.2452,0.0
0.0,0.2175,0.0,0.0